2020-12-07 00:09:22 [main] INFO  ResultsPrinting -
  ID                               NAME                  ADDRESS          PHONE   MEDICAL RECORD           DIAGNOSES
   0            Bobrov Igor Mihaylovich    Nezavisimosti 120, 12  +375296472390         12112001                  []
   1        Petrov Nikita Alexandrovich             Mavra 14, 23  +375442349065         12112034         [SCOLIOSIS]
   2             Bobrov Ilya Maximovich     Dzerzhinskaga 109, 9    80296790912         12111560         [SCOLIOSIS]
   3        Vasiliev Mihail Vitalyevich         Voyskovaya 3, 42  +375294565756         12111823          [COVID_19]
   4      Valuyeva Alexandra Vitalyevna      Tsimiryazeva 45, 30  +375443895675         12115678          [COVID_19]
   5            Pirova Diana Arkadyevna      Rakassouskaga 12, 3    80336239812         12111732                  []
   6         Antropov Alexey Igoryevich           Gurskogo 2, 34  +375296665544         12112002     [FLU, DIABETES]
   7         Valova Valentina Fedorovna         Zavodskaya 20, 1    80442346575         12112003                  []
   8           Bobrov Anton Genadyevich     Nowowilenskaya 25, 1  +375298887799         12112004          [DIABETES]

2020-12-07 00:09:22 [main] INFO  ResultsPrinting -
All patients sorted by last name and then by first name

  ID                               NAME                  ADDRESS          PHONE   MEDICAL RECORD           DIAGNOSES
   6         Antropov Alexey Igoryevich           Gurskogo 2, 34  +375296665544         12112002     [FLU, DIABETES]
   8           Bobrov Anton Genadyevich     Nowowilenskaya 25, 1  +375298887799         12112004          [DIABETES]
   0            Bobrov Igor Mihaylovich    Nezavisimosti 120, 12  +375296472390         12112001                  []
   2             Bobrov Ilya Maximovich     Dzerzhinskaga 109, 9    80296790912         12111560         [SCOLIOSIS]
   1        Petrov Nikita Alexandrovich             Mavra 14, 23  +375442349065         12112034         [SCOLIOSIS]
   5            Pirova Diana Arkadyevna      Rakassouskaga 12, 3    80336239812         12111732                  []
   7         Valova Valentina Fedorovna         Zavodskaya 20, 1    80442346575         12112003                  []
   4      Valuyeva Alexandra Vitalyevna      Tsimiryazeva 45, 30  +375443895675         12115678          [COVID_19]
   3        Vasiliev Mihail Vitalyevich         Voyskovaya 3, 42  +375294565756         12111823          [COVID_19]

2020-12-07 00:09:22 [main] INFO  ResultsPrinting -
All patients sorted by last name

  ID                               NAME                  ADDRESS          PHONE   MEDICAL RECORD           DIAGNOSES
   6         Antropov Alexey Igoryevich           Gurskogo 2, 34  +375296665544         12112002     [FLU, DIABETES]
   0            Bobrov Igor Mihaylovich    Nezavisimosti 120, 12  +375296472390         12112001                  []
   2             Bobrov Ilya Maximovich     Dzerzhinskaga 109, 9    80296790912         12111560         [SCOLIOSIS]
   8           Bobrov Anton Genadyevich     Nowowilenskaya 25, 1  +375298887799         12112004          [DIABETES]
   1        Petrov Nikita Alexandrovich             Mavra 14, 23  +375442349065         12112034         [SCOLIOSIS]
   5            Pirova Diana Arkadyevna      Rakassouskaga 12, 3    80336239812         12111732                  []
   7         Valova Valentina Fedorovna         Zavodskaya 20, 1    80442346575         12112003                  []
   4      Valuyeva Alexandra Vitalyevna      Tsimiryazeva 45, 30  +375443895675         12115678          [COVID_19]
   3        Vasiliev Mihail Vitalyevich         Voyskovaya 3, 42  +375294565756         12111823          [COVID_19]

2020-12-07 00:09:22 [main] INFO  ResultsPrinting -
All patients sorted by number of medical record

  ID                               NAME                  ADDRESS          PHONE   MEDICAL RECORD           DIAGNOSES
   2             Bobrov Ilya Maximovich     Dzerzhinskaga 109, 9    80296790912         12111560         [SCOLIOSIS]
   5            Pirova Diana Arkadyevna      Rakassouskaga 12, 3    80336239812         12111732                  []
   3        Vasiliev Mihail Vitalyevich         Voyskovaya 3, 42  +375294565756         12111823          [COVID_19]
   0            Bobrov Igor Mihaylovich    Nezavisimosti 120, 12  +375296472390         12112001                  []
   6         Antropov Alexey Igoryevich           Gurskogo 2, 34  +375296665544         12112002     [FLU, DIABETES]
   7         Valova Valentina Fedorovna         Zavodskaya 20, 1    80442346575         12112003                  []
   8           Bobrov Anton Genadyevich     Nowowilenskaya 25, 1  +375298887799         12112004          [DIABETES]
   1        Petrov Nikita Alexandrovich             Mavra 14, 23  +375442349065         12112034         [SCOLIOSIS]
   4      Valuyeva Alexandra Vitalyevna      Tsimiryazeva 45, 30  +375443895675         12115678          [COVID_19]

2020-12-07 00:09:22 [main] INFO  ResultsPrinting -
All patients sorted by number of medical record in reverse order

  ID                               NAME                  ADDRESS          PHONE   MEDICAL RECORD           DIAGNOSES
   4      Valuyeva Alexandra Vitalyevna      Tsimiryazeva 45, 30  +375443895675         12115678          [COVID_19]
   1        Petrov Nikita Alexandrovich             Mavra 14, 23  +375442349065         12112034         [SCOLIOSIS]
   8           Bobrov Anton Genadyevich     Nowowilenskaya 25, 1  +375298887799         12112004          [DIABETES]
   7         Valova Valentina Fedorovna         Zavodskaya 20, 1    80442346575         12112003                  []
   6         Antropov Alexey Igoryevich           Gurskogo 2, 34  +375296665544         12112002     [FLU, DIABETES]
   0            Bobrov Igor Mihaylovich    Nezavisimosti 120, 12  +375296472390         12112001                  []
   3        Vasiliev Mihail Vitalyevich         Voyskovaya 3, 42  +375294565756         12111823          [COVID_19]
   5            Pirova Diana Arkadyevna      Rakassouskaga 12, 3    80336239812         12111732                  []
   2             Bobrov Ilya Maximovich     Dzerzhinskaga 109, 9    80296790912         12111560         [SCOLIOSIS]

2020-12-07 00:15:10 [main] INFO  ResultsPrinting -
  ID                               NAME                  ADDRESS          PHONE   MEDICAL RECORD           DIAGNOSES
   0            Bobrov Igor Mihaylovich    Nezavisimosti 120, 12  +375296472390         12112001                  []
   1        Petrov Nikita Alexandrovich             Mavra 14, 23  +375442349065         12112034         [SCOLIOSIS]
   2             Bobrov Ilya Maximovich     Dzerzhinskaga 109, 9    80296790912         12111560         [SCOLIOSIS]
   3        Vasiliev Mihail Vitalyevich         Voyskovaya 3, 42  +375294565756         12111823          [COVID_19]
   4      Valuyeva Alexandra Vitalyevna      Tsimiryazeva 45, 30  +375443895675         12115678          [COVID_19]
   5            Pirova Diana Arkadyevna      Rakassouskaga 12, 3    80336239812         12111732                  []
   6         Antropov Alexey Igoryevich           Gurskogo 2, 34  +375296665544         12112002     [FLU, DIABETES]
   7         Valova Valentina Fedorovna         Zavodskaya 20, 1    80442346575         12112003                  []
   8           Bobrov Anton Genadyevich     Nowowilenskaya 25, 1  +375298887799         12112004          [DIABETES]

2020-12-07 00:15:10 [main] INFO  ResultsPrinting -
All patients sorted by last name and then by first name

  ID                               NAME                  ADDRESS          PHONE   MEDICAL RECORD           DIAGNOSES
   6         Antropov Alexey Igoryevich           Gurskogo 2, 34  +375296665544         12112002     [FLU, DIABETES]
   8           Bobrov Anton Genadyevich     Nowowilenskaya 25, 1  +375298887799         12112004          [DIABETES]
   0            Bobrov Igor Mihaylovich    Nezavisimosti 120, 12  +375296472390         12112001                  []
   2             Bobrov Ilya Maximovich     Dzerzhinskaga 109, 9    80296790912         12111560         [SCOLIOSIS]
   1        Petrov Nikita Alexandrovich             Mavra 14, 23  +375442349065         12112034         [SCOLIOSIS]
   5            Pirova Diana Arkadyevna      Rakassouskaga 12, 3    80336239812         12111732                  []
   7         Valova Valentina Fedorovna         Zavodskaya 20, 1    80442346575         12112003                  []
   4      Valuyeva Alexandra Vitalyevna      Tsimiryazeva 45, 30  +375443895675         12115678          [COVID_19]
   3        Vasiliev Mihail Vitalyevich         Voyskovaya 3, 42  +375294565756         12111823          [COVID_19]

2020-12-07 00:15:10 [main] INFO  ResultsPrinting -
All patients sorted by last name

  ID                               NAME                  ADDRESS          PHONE   MEDICAL RECORD           DIAGNOSES
   6         Antropov Alexey Igoryevich           Gurskogo 2, 34  +375296665544         12112002     [FLU, DIABETES]
   0            Bobrov Igor Mihaylovich    Nezavisimosti 120, 12  +375296472390         12112001                  []
   2             Bobrov Ilya Maximovich     Dzerzhinskaga 109, 9    80296790912         12111560         [SCOLIOSIS]
   8           Bobrov Anton Genadyevich     Nowowilenskaya 25, 1  +375298887799         12112004          [DIABETES]
   1        Petrov Nikita Alexandrovich             Mavra 14, 23  +375442349065         12112034         [SCOLIOSIS]
   5            Pirova Diana Arkadyevna      Rakassouskaga 12, 3    80336239812         12111732                  []
   7         Valova Valentina Fedorovna         Zavodskaya 20, 1    80442346575         12112003                  []
   4      Valuyeva Alexandra Vitalyevna      Tsimiryazeva 45, 30  +375443895675         12115678          [COVID_19]
   3        Vasiliev Mihail Vitalyevich         Voyskovaya 3, 42  +375294565756         12111823          [COVID_19]

2020-12-07 00:15:10 [main] INFO  ResultsPrinting -
All patients sorted by number of medical record

  ID                               NAME                  ADDRESS          PHONE   MEDICAL RECORD           DIAGNOSES
   2             Bobrov Ilya Maximovich     Dzerzhinskaga 109, 9    80296790912         12111560         [SCOLIOSIS]
   5            Pirova Diana Arkadyevna      Rakassouskaga 12, 3    80336239812         12111732                  []
   3        Vasiliev Mihail Vitalyevich         Voyskovaya 3, 42  +375294565756         12111823          [COVID_19]
   0            Bobrov Igor Mihaylovich    Nezavisimosti 120, 12  +375296472390         12112001                  []
   6         Antropov Alexey Igoryevich           Gurskogo 2, 34  +375296665544         12112002     [FLU, DIABETES]
   7         Valova Valentina Fedorovna         Zavodskaya 20, 1    80442346575         12112003                  []
   8           Bobrov Anton Genadyevich     Nowowilenskaya 25, 1  +375298887799         12112004          [DIABETES]
   1        Petrov Nikita Alexandrovich             Mavra 14, 23  +375442349065         12112034         [SCOLIOSIS]
   4      Valuyeva Alexandra Vitalyevna      Tsimiryazeva 45, 30  +375443895675         12115678          [COVID_19]

2020-12-07 00:15:10 [main] INFO  ResultsPrinting -
All patients sorted by number of medical record in reverse order

  ID                               NAME                  ADDRESS          PHONE   MEDICAL RECORD           DIAGNOSES
   4      Valuyeva Alexandra Vitalyevna      Tsimiryazeva 45, 30  +375443895675         12115678          [COVID_19]
   1        Petrov Nikita Alexandrovich             Mavra 14, 23  +375442349065         12112034         [SCOLIOSIS]
   8           Bobrov Anton Genadyevich     Nowowilenskaya 25, 1  +375298887799         12112004          [DIABETES]
   7         Valova Valentina Fedorovna         Zavodskaya 20, 1    80442346575         12112003                  []
   6         Antropov Alexey Igoryevich           Gurskogo 2, 34  +375296665544         12112002     [FLU, DIABETES]
   0            Bobrov Igor Mihaylovich    Nezavisimosti 120, 12  +375296472390         12112001                  []
   3        Vasiliev Mihail Vitalyevich         Voyskovaya 3, 42  +375294565756         12111823          [COVID_19]
   5            Pirova Diana Arkadyevna      Rakassouskaga 12, 3    80336239812         12111732                  []
   2             Bobrov Ilya Maximovich     Dzerzhinskaga 109, 9    80296790912         12111560         [SCOLIOSIS]

2020-12-07 00:25:39 [main] INFO  ResultsPrinting -
  ID                               NAME                  ADDRESS          PHONE   MEDICAL RECORD           DIAGNOSES
   0            Bobrov Igor Mihaylovich    Nezavisimosti 120, 12  +375296472390         12112001                  []
   1        Petrov Nikita Alexandrovich             Mavra 14, 23  +375442349065         12112034         [SCOLIOSIS]
   2             Bobrov Ilya Maximovich     Dzerzhinskaga 109, 9    80296790912         12111560         [SCOLIOSIS]
   3        Vasiliev Mihail Vitalyevich         Voyskovaya 3, 42  +375294565756         12111823          [COVID_19]
   4      Valuyeva Alexandra Vitalyevna      Tsimiryazeva 45, 30  +375443895675         12115678          [COVID_19]
   5            Pirova Diana Arkadyevna      Rakassouskaga 12, 3    80336239812         12111732                  []
   6         Antropov Alexey Igoryevich           Gurskogo 2, 34  +375296665544         12112002     [FLU, DIABETES]
   7         Valova Valentina Fedorovna         Zavodskaya 20, 1    80442346575         12112003                  []
   8           Bobrov Anton Genadyevich     Nowowilenskaya 25, 1  +375298887799         12112004          [DIABETES]

2020-12-07 00:25:39 [main] INFO  ResultsPrinting -
All patients sorted by last name and then by first name

  ID                               NAME                  ADDRESS          PHONE   MEDICAL RECORD           DIAGNOSES
   6         Antropov Alexey Igoryevich           Gurskogo 2, 34  +375296665544         12112002     [FLU, DIABETES]
   8           Bobrov Anton Genadyevich     Nowowilenskaya 25, 1  +375298887799         12112004          [DIABETES]
   0            Bobrov Igor Mihaylovich    Nezavisimosti 120, 12  +375296472390         12112001                  []
   2             Bobrov Ilya Maximovich     Dzerzhinskaga 109, 9    80296790912         12111560         [SCOLIOSIS]
   1        Petrov Nikita Alexandrovich             Mavra 14, 23  +375442349065         12112034         [SCOLIOSIS]
   5            Pirova Diana Arkadyevna      Rakassouskaga 12, 3    80336239812         12111732                  []
   7         Valova Valentina Fedorovna         Zavodskaya 20, 1    80442346575         12112003                  []
   4      Valuyeva Alexandra Vitalyevna      Tsimiryazeva 45, 30  +375443895675         12115678          [COVID_19]
   3        Vasiliev Mihail Vitalyevich         Voyskovaya 3, 42  +375294565756         12111823          [COVID_19]

2020-12-07 00:25:39 [main] INFO  ResultsPrinting -
All patients sorted by last name

  ID                               NAME                  ADDRESS          PHONE   MEDICAL RECORD           DIAGNOSES
   6         Antropov Alexey Igoryevich           Gurskogo 2, 34  +375296665544         12112002     [FLU, DIABETES]
   0            Bobrov Igor Mihaylovich    Nezavisimosti 120, 12  +375296472390         12112001                  []
   2             Bobrov Ilya Maximovich     Dzerzhinskaga 109, 9    80296790912         12111560         [SCOLIOSIS]
   8           Bobrov Anton Genadyevich     Nowowilenskaya 25, 1  +375298887799         12112004          [DIABETES]
   1        Petrov Nikita Alexandrovich             Mavra 14, 23  +375442349065         12112034         [SCOLIOSIS]
   5            Pirova Diana Arkadyevna      Rakassouskaga 12, 3    80336239812         12111732                  []
   7         Valova Valentina Fedorovna         Zavodskaya 20, 1    80442346575         12112003                  []
   4      Valuyeva Alexandra Vitalyevna      Tsimiryazeva 45, 30  +375443895675         12115678          [COVID_19]
   3        Vasiliev Mihail Vitalyevich         Voyskovaya 3, 42  +375294565756         12111823          [COVID_19]

2020-12-07 00:25:39 [main] INFO  ResultsPrinting -
All patients sorted by number of medical record

  ID                               NAME                  ADDRESS          PHONE   MEDICAL RECORD           DIAGNOSES
   2             Bobrov Ilya Maximovich     Dzerzhinskaga 109, 9    80296790912         12111560         [SCOLIOSIS]
   5            Pirova Diana Arkadyevna      Rakassouskaga 12, 3    80336239812         12111732                  []
   3        Vasiliev Mihail Vitalyevich         Voyskovaya 3, 42  +375294565756         12111823          [COVID_19]
   0            Bobrov Igor Mihaylovich    Nezavisimosti 120, 12  +375296472390         12112001                  []
   6         Antropov Alexey Igoryevich           Gurskogo 2, 34  +375296665544         12112002     [FLU, DIABETES]
   7         Valova Valentina Fedorovna         Zavodskaya 20, 1    80442346575         12112003                  []
   8           Bobrov Anton Genadyevich     Nowowilenskaya 25, 1  +375298887799         12112004          [DIABETES]
   1        Petrov Nikita Alexandrovich             Mavra 14, 23  +375442349065         12112034         [SCOLIOSIS]
   4      Valuyeva Alexandra Vitalyevna      Tsimiryazeva 45, 30  +375443895675         12115678          [COVID_19]

2020-12-07 00:25:39 [main] INFO  ResultsPrinting -
All patients sorted by number of medical record in reverse order

  ID                               NAME                  ADDRESS          PHONE   MEDICAL RECORD           DIAGNOSES
   4      Valuyeva Alexandra Vitalyevna      Tsimiryazeva 45, 30  +375443895675         12115678          [COVID_19]
   1        Petrov Nikita Alexandrovich             Mavra 14, 23  +375442349065         12112034         [SCOLIOSIS]
   8           Bobrov Anton Genadyevich     Nowowilenskaya 25, 1  +375298887799         12112004          [DIABETES]
   7         Valova Valentina Fedorovna         Zavodskaya 20, 1    80442346575         12112003                  []
   6         Antropov Alexey Igoryevich           Gurskogo 2, 34  +375296665544         12112002     [FLU, DIABETES]
   0            Bobrov Igor Mihaylovich    Nezavisimosti 120, 12  +375296472390         12112001                  []
   3        Vasiliev Mihail Vitalyevich         Voyskovaya 3, 42  +375294565756         12111823          [COVID_19]
   5            Pirova Diana Arkadyevna      Rakassouskaga 12, 3    80336239812         12111732                  []
   2             Bobrov Ilya Maximovich     Dzerzhinskaga 109, 9    80296790912         12111560         [SCOLIOSIS]

2020-12-07 00:30:32 [main] INFO  ResultsPrinting -
  ID                               NAME                  ADDRESS          PHONE   MEDICAL RECORD           DIAGNOSES
   0            Bobrov Igor Mihaylovich    Nezavisimosti 120, 12  +375296472390         12112001                  []
   1        Petrov Nikita Alexandrovich             Mavra 14, 23  +375442349065         12112034         [SCOLIOSIS]
   2             Bobrov Ilya Maximovich     Dzerzhinskaga 109, 9    80296790912         12111560         [SCOLIOSIS]
   3        Vasiliev Mihail Vitalyevich         Voyskovaya 3, 42  +375294565756         12111823          [COVID_19]
   4      Valuyeva Alexandra Vitalyevna      Tsimiryazeva 45, 30  +375443895675         12115678          [COVID_19]
   5            Pirova Diana Arkadyevna      Rakassouskaga 12, 3    80336239812         12111732                  []
   6         Antropov Alexey Igoryevich           Gurskogo 2, 34  +375296665544         12112002     [FLU, DIABETES]
   7         Valova Valentina Fedorovna         Zavodskaya 20, 1    80442346575         12112003                  []
   8           Bobrov Anton Genadyevich     Nowowilenskaya 25, 1  +375298887799         12112004          [DIABETES]

2020-12-07 00:30:32 [main] INFO  ResultsPrinting -
All patients sorted by last name and then by first name

  ID                               NAME                  ADDRESS          PHONE   MEDICAL RECORD           DIAGNOSES
   6         Antropov Alexey Igoryevich           Gurskogo 2, 34  +375296665544         12112002     [FLU, DIABETES]
   8           Bobrov Anton Genadyevich     Nowowilenskaya 25, 1  +375298887799         12112004          [DIABETES]
   0            Bobrov Igor Mihaylovich    Nezavisimosti 120, 12  +375296472390         12112001                  []
   2             Bobrov Ilya Maximovich     Dzerzhinskaga 109, 9    80296790912         12111560         [SCOLIOSIS]
   1        Petrov Nikita Alexandrovich             Mavra 14, 23  +375442349065         12112034         [SCOLIOSIS]
   5            Pirova Diana Arkadyevna      Rakassouskaga 12, 3    80336239812         12111732                  []
   7         Valova Valentina Fedorovna         Zavodskaya 20, 1    80442346575         12112003                  []
   4      Valuyeva Alexandra Vitalyevna      Tsimiryazeva 45, 30  +375443895675         12115678          [COVID_19]
   3        Vasiliev Mihail Vitalyevich         Voyskovaya 3, 42  +375294565756         12111823          [COVID_19]

2020-12-07 00:30:32 [main] INFO  ResultsPrinting -
All patients sorted by last name

  ID                               NAME                  ADDRESS          PHONE   MEDICAL RECORD           DIAGNOSES
   6         Antropov Alexey Igoryevich           Gurskogo 2, 34  +375296665544         12112002     [FLU, DIABETES]
   0            Bobrov Igor Mihaylovich    Nezavisimosti 120, 12  +375296472390         12112001                  []
   2             Bobrov Ilya Maximovich     Dzerzhinskaga 109, 9    80296790912         12111560         [SCOLIOSIS]
   8           Bobrov Anton Genadyevich     Nowowilenskaya 25, 1  +375298887799         12112004          [DIABETES]
   1        Petrov Nikita Alexandrovich             Mavra 14, 23  +375442349065         12112034         [SCOLIOSIS]
   5            Pirova Diana Arkadyevna      Rakassouskaga 12, 3    80336239812         12111732                  []
   7         Valova Valentina Fedorovna         Zavodskaya 20, 1    80442346575         12112003                  []
   4      Valuyeva Alexandra Vitalyevna      Tsimiryazeva 45, 30  +375443895675         12115678          [COVID_19]
   3        Vasiliev Mihail Vitalyevich         Voyskovaya 3, 42  +375294565756         12111823          [COVID_19]

2020-12-07 00:30:32 [main] INFO  ResultsPrinting -
All patients sorted by number of medical record

  ID                               NAME                  ADDRESS          PHONE   MEDICAL RECORD           DIAGNOSES
   2             Bobrov Ilya Maximovich     Dzerzhinskaga 109, 9    80296790912         12111560         [SCOLIOSIS]
   5            Pirova Diana Arkadyevna      Rakassouskaga 12, 3    80336239812         12111732                  []
   3        Vasiliev Mihail Vitalyevich         Voyskovaya 3, 42  +375294565756         12111823          [COVID_19]
   0            Bobrov Igor Mihaylovich    Nezavisimosti 120, 12  +375296472390         12112001                  []
   6         Antropov Alexey Igoryevich           Gurskogo 2, 34  +375296665544         12112002     [FLU, DIABETES]
   7         Valova Valentina Fedorovna         Zavodskaya 20, 1    80442346575         12112003                  []
   8           Bobrov Anton Genadyevich     Nowowilenskaya 25, 1  +375298887799         12112004          [DIABETES]
   1        Petrov Nikita Alexandrovich             Mavra 14, 23  +375442349065         12112034         [SCOLIOSIS]
   4      Valuyeva Alexandra Vitalyevna      Tsimiryazeva 45, 30  +375443895675         12115678          [COVID_19]

2020-12-07 00:30:32 [main] INFO  ResultsPrinting -
All patients sorted by number of medical record in reverse order

  ID                               NAME                  ADDRESS          PHONE   MEDICAL RECORD           DIAGNOSES
   4      Valuyeva Alexandra Vitalyevna      Tsimiryazeva 45, 30  +375443895675         12115678          [COVID_19]
   1        Petrov Nikita Alexandrovich             Mavra 14, 23  +375442349065         12112034         [SCOLIOSIS]
   8           Bobrov Anton Genadyevich     Nowowilenskaya 25, 1  +375298887799         12112004          [DIABETES]
   7         Valova Valentina Fedorovna         Zavodskaya 20, 1    80442346575         12112003                  []
   6         Antropov Alexey Igoryevich           Gurskogo 2, 34  +375296665544         12112002     [FLU, DIABETES]
   0            Bobrov Igor Mihaylovich    Nezavisimosti 120, 12  +375296472390         12112001                  []
   3        Vasiliev Mihail Vitalyevich         Voyskovaya 3, 42  +375294565756         12111823          [COVID_19]
   5            Pirova Diana Arkadyevna      Rakassouskaga 12, 3    80336239812         12111732                  []
   2             Bobrov Ilya Maximovich     Dzerzhinskaga 109, 9    80296790912         12111560         [SCOLIOSIS]

2020-12-07 09:15:48 [main] INFO  ResultsPrinting -
  ID                               NAME                  ADDRESS          PHONE   MEDICAL RECORD           DIAGNOSES
   0            Bobrov Igor Mihaylovich    Nezavisimosti 120, 12  +375296472390         12112001                  []
   1        Petrov Nikita Alexandrovich             Mavra 14, 23  +375442349065         12112034         [SCOLIOSIS]
   2             Bobrov Ilya Maximovich     Dzerzhinskaga 109, 9    80296790912         12111560         [SCOLIOSIS]
   3        Vasiliev Mihail Vitalyevich         Voyskovaya 3, 42  +375294565756         12111823          [COVID_19]
   4      Valuyeva Alexandra Vitalyevna      Tsimiryazeva 45, 30  +375443895675         12115678          [COVID_19]
   5            Pirova Diana Arkadyevna      Rakassouskaga 12, 3    80336239812         12111732                  []
   6         Antropov Alexey Igoryevich           Gurskogo 2, 34  +375296665544         12112002     [FLU, DIABETES]
   7         Valova Valentina Fedorovna         Zavodskaya 20, 1    80442346575         12112003                  []
   8           Bobrov Anton Genadyevich     Nowowilenskaya 25, 1  +375298887799         12112004          [DIABETES]

2020-12-07 09:15:48 [main] INFO  ResultsPrinting -
All patients sorted by last name and then by first name

  ID                               NAME                  ADDRESS          PHONE   MEDICAL RECORD           DIAGNOSES
   6         Antropov Alexey Igoryevich           Gurskogo 2, 34  +375296665544         12112002     [FLU, DIABETES]
   8           Bobrov Anton Genadyevich     Nowowilenskaya 25, 1  +375298887799         12112004          [DIABETES]
   0            Bobrov Igor Mihaylovich    Nezavisimosti 120, 12  +375296472390         12112001                  []
   2             Bobrov Ilya Maximovich     Dzerzhinskaga 109, 9    80296790912         12111560         [SCOLIOSIS]
   1        Petrov Nikita Alexandrovich             Mavra 14, 23  +375442349065         12112034         [SCOLIOSIS]
   5            Pirova Diana Arkadyevna      Rakassouskaga 12, 3    80336239812         12111732                  []
   7         Valova Valentina Fedorovna         Zavodskaya 20, 1    80442346575         12112003                  []
   4      Valuyeva Alexandra Vitalyevna      Tsimiryazeva 45, 30  +375443895675         12115678          [COVID_19]
   3        Vasiliev Mihail Vitalyevich         Voyskovaya 3, 42  +375294565756         12111823          [COVID_19]

2020-12-07 09:15:48 [main] INFO  ResultsPrinting -
All patients sorted by last name

  ID                               NAME                  ADDRESS          PHONE   MEDICAL RECORD           DIAGNOSES
   6         Antropov Alexey Igoryevich           Gurskogo 2, 34  +375296665544         12112002     [FLU, DIABETES]
   0            Bobrov Igor Mihaylovich    Nezavisimosti 120, 12  +375296472390         12112001                  []
   2             Bobrov Ilya Maximovich     Dzerzhinskaga 109, 9    80296790912         12111560         [SCOLIOSIS]
   8           Bobrov Anton Genadyevich     Nowowilenskaya 25, 1  +375298887799         12112004          [DIABETES]
   1        Petrov Nikita Alexandrovich             Mavra 14, 23  +375442349065         12112034         [SCOLIOSIS]
   5            Pirova Diana Arkadyevna      Rakassouskaga 12, 3    80336239812         12111732                  []
   7         Valova Valentina Fedorovna         Zavodskaya 20, 1    80442346575         12112003                  []
   4      Valuyeva Alexandra Vitalyevna      Tsimiryazeva 45, 30  +375443895675         12115678          [COVID_19]
   3        Vasiliev Mihail Vitalyevich         Voyskovaya 3, 42  +375294565756         12111823          [COVID_19]

2020-12-07 09:15:48 [main] INFO  ResultsPrinting -
All patients sorted by number of medical record

  ID                               NAME                  ADDRESS          PHONE   MEDICAL RECORD           DIAGNOSES
   2             Bobrov Ilya Maximovich     Dzerzhinskaga 109, 9    80296790912         12111560         [SCOLIOSIS]
   5            Pirova Diana Arkadyevna      Rakassouskaga 12, 3    80336239812         12111732                  []
   3        Vasiliev Mihail Vitalyevich         Voyskovaya 3, 42  +375294565756         12111823          [COVID_19]
   0            Bobrov Igor Mihaylovich    Nezavisimosti 120, 12  +375296472390         12112001                  []
   6         Antropov Alexey Igoryevich           Gurskogo 2, 34  +375296665544         12112002     [FLU, DIABETES]
   7         Valova Valentina Fedorovna         Zavodskaya 20, 1    80442346575         12112003                  []
   8           Bobrov Anton Genadyevich     Nowowilenskaya 25, 1  +375298887799         12112004          [DIABETES]
   1        Petrov Nikita Alexandrovich             Mavra 14, 23  +375442349065         12112034         [SCOLIOSIS]
   4      Valuyeva Alexandra Vitalyevna      Tsimiryazeva 45, 30  +375443895675         12115678          [COVID_19]

2020-12-07 09:15:48 [main] INFO  ResultsPrinting -
All patients sorted by number of medical record in reverse order

  ID                               NAME                  ADDRESS          PHONE   MEDICAL RECORD           DIAGNOSES
   4      Valuyeva Alexandra Vitalyevna      Tsimiryazeva 45, 30  +375443895675         12115678          [COVID_19]
   1        Petrov Nikita Alexandrovich             Mavra 14, 23  +375442349065         12112034         [SCOLIOSIS]
   8           Bobrov Anton Genadyevich     Nowowilenskaya 25, 1  +375298887799         12112004          [DIABETES]
   7         Valova Valentina Fedorovna         Zavodskaya 20, 1    80442346575         12112003                  []
   6         Antropov Alexey Igoryevich           Gurskogo 2, 34  +375296665544         12112002     [FLU, DIABETES]
   0            Bobrov Igor Mihaylovich    Nezavisimosti 120, 12  +375296472390         12112001                  []
   3        Vasiliev Mihail Vitalyevich         Voyskovaya 3, 42  +375294565756         12111823          [COVID_19]
   5            Pirova Diana Arkadyevna      Rakassouskaga 12, 3    80336239812         12111732                  []
   2             Bobrov Ilya Maximovich     Dzerzhinskaga 109, 9    80296790912         12111560         [SCOLIOSIS]

2020-12-07 09:16:40 [main] INFO  ResultsPrinting -
  ID                               NAME                  ADDRESS          PHONE   MEDICAL RECORD           DIAGNOSES
   0            Bobrov Igor Mihaylovich    Nezavisimosti 120, 12  +375296472390         12112001                  []
   1        Petrov Nikita Alexandrovich             Mavra 14, 23  +375442349065         12112034         [SCOLIOSIS]
   2             Bobrov Ilya Maximovich     Dzerzhinskaga 109, 9    80296790912         12111560         [SCOLIOSIS]
   3        Vasiliev Mihail Vitalyevich         Voyskovaya 3, 42  +375294565756         12111823          [COVID_19]
   4      Valuyeva Alexandra Vitalyevna      Tsimiryazeva 45, 30  +375443895675         12115678          [COVID_19]
   5            Pirova Diana Arkadyevna      Rakassouskaga 12, 3    80336239812         12111732                  []
   6         Antropov Alexey Igoryevich           Gurskogo 2, 34  +375296665544         12112002     [FLU, DIABETES]
   7         Valova Valentina Fedorovna         Zavodskaya 20, 1    80442346575         12112003                  []
   8           Bobrov Anton Genadyevich     Nowowilenskaya 25, 1  +375298887799         12112004          [DIABETES]

2020-12-07 09:16:40 [main] INFO  ResultsPrinting -
All patients sorted by last name and then by first name

  ID                               NAME                  ADDRESS          PHONE   MEDICAL RECORD           DIAGNOSES
   6         Antropov Alexey Igoryevich           Gurskogo 2, 34  +375296665544         12112002     [FLU, DIABETES]
   8           Bobrov Anton Genadyevich     Nowowilenskaya 25, 1  +375298887799         12112004          [DIABETES]
   0            Bobrov Igor Mihaylovich    Nezavisimosti 120, 12  +375296472390         12112001                  []
   2             Bobrov Ilya Maximovich     Dzerzhinskaga 109, 9    80296790912         12111560         [SCOLIOSIS]
   1        Petrov Nikita Alexandrovich             Mavra 14, 23  +375442349065         12112034         [SCOLIOSIS]
   5            Pirova Diana Arkadyevna      Rakassouskaga 12, 3    80336239812         12111732                  []
   7         Valova Valentina Fedorovna         Zavodskaya 20, 1    80442346575         12112003                  []
   4      Valuyeva Alexandra Vitalyevna      Tsimiryazeva 45, 30  +375443895675         12115678          [COVID_19]
   3        Vasiliev Mihail Vitalyevich         Voyskovaya 3, 42  +375294565756         12111823          [COVID_19]

2020-12-07 09:16:40 [main] INFO  ResultsPrinting -
All patients sorted by last name

  ID                               NAME                  ADDRESS          PHONE   MEDICAL RECORD           DIAGNOSES
   6         Antropov Alexey Igoryevich           Gurskogo 2, 34  +375296665544         12112002     [FLU, DIABETES]
   0            Bobrov Igor Mihaylovich    Nezavisimosti 120, 12  +375296472390         12112001                  []
   2             Bobrov Ilya Maximovich     Dzerzhinskaga 109, 9    80296790912         12111560         [SCOLIOSIS]
   8           Bobrov Anton Genadyevich     Nowowilenskaya 25, 1  +375298887799         12112004          [DIABETES]
   1        Petrov Nikita Alexandrovich             Mavra 14, 23  +375442349065         12112034         [SCOLIOSIS]
   5            Pirova Diana Arkadyevna      Rakassouskaga 12, 3    80336239812         12111732                  []
   7         Valova Valentina Fedorovna         Zavodskaya 20, 1    80442346575         12112003                  []
   4      Valuyeva Alexandra Vitalyevna      Tsimiryazeva 45, 30  +375443895675         12115678          [COVID_19]
   3        Vasiliev Mihail Vitalyevich         Voyskovaya 3, 42  +375294565756         12111823          [COVID_19]

2020-12-07 09:16:40 [main] INFO  ResultsPrinting -
All patients sorted by number of medical record

  ID                               NAME                  ADDRESS          PHONE   MEDICAL RECORD           DIAGNOSES
   2             Bobrov Ilya Maximovich     Dzerzhinskaga 109, 9    80296790912         12111560         [SCOLIOSIS]
   5            Pirova Diana Arkadyevna      Rakassouskaga 12, 3    80336239812         12111732                  []
   3        Vasiliev Mihail Vitalyevich         Voyskovaya 3, 42  +375294565756         12111823          [COVID_19]
   0            Bobrov Igor Mihaylovich    Nezavisimosti 120, 12  +375296472390         12112001                  []
   6         Antropov Alexey Igoryevich           Gurskogo 2, 34  +375296665544         12112002     [FLU, DIABETES]
   7         Valova Valentina Fedorovna         Zavodskaya 20, 1    80442346575         12112003                  []
   8           Bobrov Anton Genadyevich     Nowowilenskaya 25, 1  +375298887799         12112004          [DIABETES]
   1        Petrov Nikita Alexandrovich             Mavra 14, 23  +375442349065         12112034         [SCOLIOSIS]
   4      Valuyeva Alexandra Vitalyevna      Tsimiryazeva 45, 30  +375443895675         12115678          [COVID_19]

2020-12-07 09:16:40 [main] INFO  ResultsPrinting -
All patients sorted by number of medical record in reverse order

  ID                               NAME                  ADDRESS          PHONE   MEDICAL RECORD           DIAGNOSES
   4      Valuyeva Alexandra Vitalyevna      Tsimiryazeva 45, 30  +375443895675         12115678          [COVID_19]
   1        Petrov Nikita Alexandrovich             Mavra 14, 23  +375442349065         12112034         [SCOLIOSIS]
   8           Bobrov Anton Genadyevich     Nowowilenskaya 25, 1  +375298887799         12112004          [DIABETES]
   7         Valova Valentina Fedorovna         Zavodskaya 20, 1    80442346575         12112003                  []
   6         Antropov Alexey Igoryevich           Gurskogo 2, 34  +375296665544         12112002     [FLU, DIABETES]
   0            Bobrov Igor Mihaylovich    Nezavisimosti 120, 12  +375296472390         12112001                  []
   3        Vasiliev Mihail Vitalyevich         Voyskovaya 3, 42  +375294565756         12111823          [COVID_19]
   5            Pirova Diana Arkadyevna      Rakassouskaga 12, 3    80336239812         12111732                  []
   2             Bobrov Ilya Maximovich     Dzerzhinskaga 109, 9    80296790912         12111560         [SCOLIOSIS]

2020-12-07 09:26:44 [main] INFO  com.epam.patient.model.output.ResultsPrinting - 
  ID                               NAME                  ADDRESS          PHONE   MEDICAL RECORD           DIAGNOSES
   0            Bobrov Igor Mihaylovich    Nezavisimosti 120, 12  +375296472390         12112001                  []
   1        Petrov Nikita Alexandrovich             Mavra 14, 23  +375442349065         12112034         [SCOLIOSIS]
   2             Bobrov Ilya Maximovich     Dzerzhinskaga 109, 9    80296790912         12111560         [SCOLIOSIS]
   3        Vasiliev Mihail Vitalyevich         Voyskovaya 3, 42  +375294565756         12111823          [COVID_19]
   4      Valuyeva Alexandra Vitalyevna      Tsimiryazeva 45, 30  +375443895675         12115678          [COVID_19]
   5            Pirova Diana Arkadyevna      Rakassouskaga 12, 3    80336239812         12111732                  []
   6         Antropov Alexey Igoryevich           Gurskogo 2, 34  +375296665544         12112002     [FLU, DIABETES]
   7         Valova Valentina Fedorovna         Zavodskaya 20, 1    80442346575         12112003                  []
   8           Bobrov Anton Genadyevich     Nowowilenskaya 25, 1  +375298887799         12112004          [DIABETES]

2020-12-07 09:26:44 [main] INFO  com.epam.patient.model.output.ResultsPrinting - 
All patients sorted by last name and then by first name

  ID                               NAME                  ADDRESS          PHONE   MEDICAL RECORD           DIAGNOSES
   6         Antropov Alexey Igoryevich           Gurskogo 2, 34  +375296665544         12112002     [FLU, DIABETES]
   8           Bobrov Anton Genadyevich     Nowowilenskaya 25, 1  +375298887799         12112004          [DIABETES]
   0            Bobrov Igor Mihaylovich    Nezavisimosti 120, 12  +375296472390         12112001                  []
   2             Bobrov Ilya Maximovich     Dzerzhinskaga 109, 9    80296790912         12111560         [SCOLIOSIS]
   1        Petrov Nikita Alexandrovich             Mavra 14, 23  +375442349065         12112034         [SCOLIOSIS]
